								空压机（循环泵）		EGR阀		回流参数										台架供给							换算成泵后压力和温度	湿度增加百分比	实际入堆				实际出堆				台架出气			台架水路					阻抗		
日期	说明	电密	电流	总电压	单片电压	功率	电压降低百分比	泵转速	泵功率	目标开度	输入值	回流流量	校准回流	回流压力	回流温度	回流湿度	回流含湿量	EGR率	校准EGR率	流量校准	"入堆流量
流量计"	给气流量	气压设定	实际压力	给气温度	给气露点	给气湿度	含湿量	湿度		泵后压力	泵后温度	泵后湿度	含湿量	温度	压力	湿度	含湿量	出气压力	出气温度	出气湿度	进水温度	进水压力	出水温度	出水压力	水流量	内阻	极差	标准差
		A/cm2	A	V	V	W	%	RPM	W	%	%										SLPM	SLPM	kPa	kPa	℃	℃	%	g/Kg	%		kPa	℃	%	k/kg	℃	kPa	%	g/kg	kPa	℃	%						mΩ	V	mV
																																																	
6.03下午	怠速总入堆流量不变，计量比5	0.1	38	12.795	0.798	486.21	0	2000		0	1							0		48.54246	57.2	49.9	33	30.9	60.6	37.4	32	33.05	56.4	-1.438848921	39.68	50.12	55.6	32.29	52.16	32.99	100	71.72	32.3	45.2		60.1	40	60.1			4.5	0.0305	8.14
		0.1	38	12.7	0.794	482.6	0.501253133	2000		6	61		3.01566					5.36594306		47.71566	56.2	44.7	33	31.2	61	37.3	31	32.51	51.32	-0.234375	39.76	51.72	51.2	32.06	53.06	32.84	100	74.99	32.1	49.1		60.7	40	60.1			4.4	0.0322	8.7
		0.1	38	12.59	0.787	478.42	1.378446115	2000		8	81		17.09214	29.47	43.86	100		28.58217391		50.69214	59.8	33.6	33	31.6	59.8	37.2	32	31.61	47.6	4.876099121	40.08	52.78	50.04	33.22	52.13	32.59	100	75.86	31.8	49.7		60.1	40	60.2			4.4	0.0339	9.2
		0.1	38	12.51	0.782	475.38	2.005012531	2000		8	81		21.09442	28.69	45.84	100		37.07279438		48.29442	56.9	27.2	33	31.2	59.8	37.2	32	31.71	47.2	15.18418688	39.51	52.91	55.65	37.35	53.28	32.52	100	76.13	31.9	49.3		60	40	60.3			4.3	0.0341	9.31
		0.1	38	12.43	0.777	472.34	2.631578947	2000		9	91		27.99214	29.03	47.22	100		46.80959866		50.69214	59.8	22.7	33	31.1	59.4	37.4	32	31.12	46	25.32467532	39.6	53.12	61.6	41.7	53.44	32.43	100	77.07	31.4	48.8		60	40	60.2			4.3	0.0322	9.45
		0.1	38	12.29	0.768	467.02	3.759398496	2000		9	91		31.72122	29.03	48.39	100		54.78621762		49.12122	57.9	17.4	33	31.2	58.4	37.4	35	32.53	47.8	29.70588235	39.51	53.16	68	46.89	53.66	32.27	100	78.04	31.6	47.9		60.1	40	60.4			4.1	0.0343	9.3
		0.1	38	12	0.75	456	6.015037594	2000		10	101		36.86142	29.03	48.85			62.05626263		50.36142	59.4	13.5	33	29.59	57.8	37.3	36	32.96	48	34.42622951	39.44	53.31	73.2	51.27	53.81	32.11	100	78.75	31.4	46.6		60.1	40	60.3			4.1	0.0374	9.95
																																																	
	计量比降低至4	0.1	38	12.7	0.793	482.6	0.626566416	2000		0	1							0			45.8	40.3	35	31.8	60.4	37.2	31	31.43	47.7	3.144654088	40.72	52.69	49.2	32.05	53.06	34.6	100	74.13	34.2	50		60.2	40	60.4			4	0.0297	8.42
		0.1	38	12.67	0.791	481.46	0.877192982	2000		6	61		2.64146	30.79	42.28	100		5.314808853		42.34146	49.7	39.7	35	32.8	60.8	37.3	31	31.79	48.4	1.652892562	41.36	52.69	49.2	32	53..53	34.68	100	76	34.3	50.2							4	0.03	8.29
		0.1	38	12.65	0.79	480.7	1.002506266	2000		9	91		11.94966					19.52558824		51.84966	61.2	39.9	33	32.9	60.5	37.4	32	32.37	48.5	3.917525773	40.96	53.22	50.4	33.21	54.03	33.08	100	79.22									4.1	0.03	8.57
		0.1	38	12.62	0.789	479.56	1.127819549	2000		15	151		13.93398	31.22	45.51	76.6		21.90877358		53.83398	63.6	39.9	35						49	2.857142857	41.2	53.34	50.4	33.96	53.97	32.84	100	79.22									4.1	0.03	8.64
		0.1	38	9.456	0.788	359.328	1.253132832	2000		30	46		14.92614	31.22	46.66	74		23.03416667		54.82614	64.8	39.9	35						49	4.489795918	41.29	53.59	51.2	34.96	53.75	32.75	100	78.43									4.2	0.03	8.72
																																																	
	计量比3	0.1	38	12.656	0.791	480.928	0	2000		0	1		0					0		29.3607	34	29.9	37	31.7	59.5	37.4	33	32.15	50.1	-0.998003992	40.56	52.12	49.6	31.42	52.03	36.21	100	68.8	35.9	49.3							4	0.03	8.69
		0.1	38	12.56	0.785	477.28	0.758533502	2000		6	61		5.10874					14.89428571		29.60874	34.3	24.5	37	31.4	60.1	37.4	32	32.13	51.4	1.945525292	41.04	51.66	52.4	32.49	52.09	36.45	99.2	68.91	35.8	47.3							3.9	0.029	8

补充：
								空压机（循环泵）		EGR阀		回流参数										台架供给						实际入堆				实际出堆				台架出气			台架水路					阻抗		
日期	说明	电密	电流	总电压	单片电压	功率	电压降低百分比	泵转速	泵功率	目标开度	输入值	回流流量	校准回流	回流压力	回流温度	回流湿度	回流含湿量	EGR率	校准EGR率	流量校准	"入堆流量
流量计"	给气流量	气压设定	实际压力	给气温度	给气露点	给气湿度	泵后压力	泵后温度	泵后湿度	含湿量	温度	压力	湿度	含湿量	出气压力	出气温度	出气湿度	进水温度	进水压力	出水温度	出水压力	水流量	内阻	极差	标准差
		A/cm2	A	V	V	kW	%	RPM	W	%	%										SLPM	SLPM	kPa	kPa	℃	℃	%	kPa	℃	%	k/kg	℃	kPa	%	g/kg	kPa	℃	%						mΩ	V	mV
		0.05	20		0.812			1600		6	61	12.1		24.53	40.36	100		42.61			28.4	16.3	30	25.9	58.8		53	32.22	48.69	82	47.64					28.3	44.4		60.1	40	60.1	34.5		4	0.0425	10.12
		0.05	20		0.818			2200		0	1	0						0.00			26.4	26.4	30	22.2	61.1		47	33.59	49.56	82.8	50.29					28.6	45.7		60.1	40	60	34.5		4	0.0448	10.65
